Título: Tesouro IPCA+ 2019
Agente de custódia: AGORA CTVM S/A
Posição em: 24/05/2018
Vencimento do título: 15/05/2019
07/03/2013	16,40	1.830,49	30.020,03	IPCA + 3,47%	IPCA + 3,63%		63,82	49.177,36	1.904	15,00	2.873,59	0,00	57,61	44,18	46.201,98
01/04/2013	4,00	1.805,55	7.222,20	IPCA + 3,83%	IPCA + 4,07%		66,08	11.994,48	1.879	15,00	715,84	0,00	14,05	10,77	11.253,82
02/04/2013	5,00	1.808,23	9.041,15	IPCA + 3,81%	IPCA + 4,04%		65,83	14.993,10	1.878	15,00	892,79	0,00	17,56	13,47	14.069,28
15/04/2013	3,00	1.799,14	5.397,42	IPCA + 3,95%	IPCA + 4,21%		66,67	8.995,86	1.865	15,00	539,76	0,00	10,54	8,08	8.437,48
04/06/2013	2,70	1.768,85	4.775,89	IPCA + 4,48%	IPCA + 4,86%		69,52	8.096,27	1.815	15,00	498,05	0,00	9,48	7,27	7.581,47
05/06/2013	8,00	1.793,61	14.348,88	IPCA + 4,24%	IPCA + 4,57%		67,18	23.988,96	1.814	15,00	1.446,01	0,00	28,10	21,55	22.493,30
06/06/2013	0,50	1.756,93	878,46	IPCA + 4,61%	IPCA + 5,02%		70,67	1.499,31	1.813	15,00	93,12	0,00	1,75	1,34	1.403,10
30/07/2013	0,60	1.745,33	1.047,19	IPCA + 4,92%	IPCA + 5,41%		71,81	1.799,17	1.759	15,00	112,79	0,00	2,10	1,61	1.682,67
31/07/2013	0,60	1.730,43	1.038,25	IPCA + 5,08%	IPCA + 5,60%		73,29	1.799,17	1.758	15,00	114,13	0,00	2,10	1,61	1.681,33
06/08/2013	0,60	1.730,95	1.038,57	IPCA + 5,09%	IPCA + 5,61%		73,24	1.799,17	1.752	15,00	114,09	0,00	2,10	1,61	1.681,37
13/08/2013	0,60	1.703,81	1.022,28	IPCA + 5,40%	IPCA + 5,99%		75,99	1.799,17	1.745	15,00	116,53	0,00	2,10	1,61	1.678,93
15/08/2013	0,80	1.685,42	1.348,33	IPCA + 5,61%	IPCA + 6,25%		77,92	2.398,89	1.743	15,00	157,58	0,00	2,81	2,15	2.236,35
19/08/2013	4,00	1.686,78	6.747,12	IPCA + 5,61%	IPCA + 6,25%		77,77	11.994,48	1.739	15,00	787,10	0,00	14,05	10,77	11.182,56
29/08/2013	2,00	1.704,73	3.409,46	IPCA + 5,46%	IPCA + 6,07%		75,90	5.997,24	1.729	15,00	388,16	0,00	7,02	5,38	5.596,68
01/09/2013	1,00	1.694,56	1.694,56	IPCA + 5,58%	IPCA + 6,22%		76,96	2.998,62	1.726	15,00	195,60	0,00	3,51	2,69	2.796,82
05/09/2013	1,80	1.692,05	3.045,69	IPCA + 5,63%	IPCA + 6,28%		77,22	5.397,51	1.722	15,00	352,77	0,00	6,32	4,85	5.033,57
25/10/2013	1,40	1.726,37	2.416,91	IPCA + 5,52%	IPCA + 6,17%		73,70	4.198,06	1.672	15,00	267,17	0,00	4,91	3,77	3.922,21
08/11/2013	1,80	1.673,59	3.012,46	IPCA + 6,21%	IPCA + 7,02%		79,17	5.397,51	1.658	15,00	357,75	0,00	6,32	4,85	5.028,59
25/11/2013	0,50	1.698,96	849,48	IPCA + 6,02%	IPCA + 6,80%		76,50	1.499,31	1.641	15,00	97,47	0,00	1,75	1,34	1.398,75
03/12/2013	0,60	1.673,08	1.003,84	IPCA + 6,38%	IPCA + 7,25%		79,23	1.799,17	1.633	15,00	119,29	0,00	2,10	1,61	1.676,17
13/01/2014	2,00	1.712,99	3.425,98	IPCA + 6,25%	IPCA + 7,09%		75,05	5.997,24	1.592	15,00	385,68	0,00	7,02	5,38	5.599,16
15/01/2014	2,00	1.703,65	3.407,30	IPCA + 6,38%	IPCA + 7,26%		76,01	5.997,24	1.590	15,00	388,49	0,00	7,02	5,38	5.596,35
25/01/2014	1,00	1.688,56	1.688,56	IPCA + 6,64%	IPCA + 7,58%		77,58	2.998,62	1.580	15,00	196,50	0,00	3,51	2,69	2.795,92
29/01/2014	1,00	1.673,51	1.673,51	IPCA + 6,85%	IPCA + 7,85%		79,18	2.998,62	1.576	15,00	198,76	0,00	3,51	2,69	2.793,66
30/01/2014	1,00	1.671,00	1.671,00	IPCA + 6,89%	IPCA + 7,90%		79,45	2.998,62	1.575	15,00	199,14	0,00	3,51	2,69	2.793,28
07/03/2014	0,80	1.745,76	1.396,60	IPCA + 6,27%	IPCA + 7,15%		71,77	2.398,89	1.539	15,00	150,34	0,00	2,81	2,15	2.243,59
25/03/2014	1,00	1.752,15	1.752,15	IPCA + 6,35%	IPCA + 7,26%		71,14	2.998,62	1.521	15,00	186,97	0,00	3,51	2,69	2.805,45
27/03/2014	2,00	1.760,70	3.521,40	IPCA + 6,27%	IPCA + 7,16%		70,31	5.997,24	1.519	15,00	371,37	0,00	7,02	5,38	5.613,47
05/04/2014	1,00	1.776,48	1.776,48	IPCA + 6,17%	IPCA + 7,04%		68,80	2.998,62	1.510	15,00	183,32	0,00	3,51	2,69	2.809,10
13/04/2014	2,00	1.784,17	3.568,34	IPCA + 6,16%	IPCA + 7,03%		68,07	5.997,24	1.502	15,00	364,33	0,00	7,02	5,38	5.620,51
24/04/2014	3,00	1.795,76	5.387,28	IPCA + 6,12%	IPCA + 6,99%		66,98	8.995,86	1.491	15,00	541,28	0,00	10,54	8,08	8.435,96
29/04/2014	3,00	1.794,30	5.382,90	IPCA + 6,18%	IPCA + 7,07%		67,12	8.995,86	1.486	15,00	541,94	0,00	10,54	8,08	8.435,30
19/05/2014	8,00	1.812,94	14.503,52	IPCA + 6,10%	IPCA + 6,98%		65,40	23.988,96	1.466	15,00	1.422,81	0,00	28,10	21,55	22.516,50
27/06/2014	2,50	1.882,91	4.707,27	IPCA + 5,55%	IPCA + 6,30%		59,25	7.496,55	1.427	15,00	418,39	0,00	8,78	6,73	7.062,65
10/07/2014	2,20	1.871,71	4.117,76	IPCA + 5,75%	IPCA + 6,57%		60,21	6.596,96	1.414	15,00	371,88	0,00	7,72	5,92	6.211,44
09/10/2014	2,60	1.929,65	5.017,09	IPCA + 5,56%	IPCA + 6,38%		55,40	7.796,41	1.323	15,00	416,89	0,00	9,13	7,00	7.363,39
10/03/2015	1,90	1.988,76	3.778,64	IPCA + 6,40%	IPCA + 7,58% 50,78	5.697,37	1.171	15,00	287,81	0,00	6,67	5,11	5.397,78
12/03/2015	3,20	1.987,60	6.360,32	IPCA + 6,45%	IPCA + 7,65% 50,87	9.595,58	1.169	15,00	485,28	0,00	11,24	8,62	9.090,44
10/04/2015	7,00	2.030,85	14.215,95	IPCA + 6,36%	IPCA + 7,57% 47,65	20.990,34	1.140	15,00	1.016,15	0,00	24,59	18,86	19.930,74
06/05/2015	10,00	2.028,64	20.286,40	IPCA + 6,66%	IPCA + 7,99% 47,81	29.986,20	1.114	15,00	1.454,97	0,00	35,13	26,94	28.469,16
08/05/2015	4,00	2.029,63	8.118,52	IPCA + 6,68%	IPCA + 8,02% 47,74	11.994,48	1.112	15,00	581,39	0,00	14,05	10,77	11.388,27
18/05/2015	13,00	2.050,54	26.657,02	IPCA + 6,49%	IPCA + 7,78% 46,24	38.982,06	1.102	15,00	1.848,75	0,00	45,67	35,02	37.052,62
19/05/2015	12,10	2.045,31	24.748,25	IPCA + 6,57%	IPCA + 7,89% 46,61	36.283,30	1.101	15,00	1.730,25	0,00	42,51	32,60	34.477,94
25/05/2015	3,40	2.058,79	6.999,88	IPCA + 6,45%	IPCA + 7,73% 45,65	10.195,30	1.095	15,00	479,31	0,00	11,94	9,16	9.694,89
10/07/2015	1,00	2.094,05	2.094,05	IPCA + 6,56%	IPCA + 7,94% 43,20	2.998,62	1.049	15,00	135,68	0,00	3,51	2,69	2.856,74
07/08/2015	2,00	2.073,49	4.146,98	IPCA + 7,15%	IPCA + 8,80% 44,62	5.997,24	1.021	15,00	277,53	0,00	7,02	5,38	5.707,31
02/09/2015	0,80	2.066,07	1.652,85	IPCA + 7,47%	IPCA + 9,28% 45,14	2.398,89	995	15,00	111,90	0,00	2,81	2,15	2.282,03
21/12/2015	1,80	2.176,09	3.916,96	IPCA + 7,35%	IPCA + 9,34% 37,80	5.397,51	885	15,00	222,08	0,00	6,32	4,85	5.164,26
01/02/2016	1,30	2.301,70	2.992,21	IPCA + 6,21%	IPCA + 7,75% 30,28	3.898,20	843	15,00	135,89	0,00	4,56	3,50	3.754,25
16/02/2016	0,50	2.334,21	1.167,10	IPCA + 6,05%	IPCA + 7,54% 28,46	1.499,31	828	15,00	49,83	0,00	1,75	1,34	1.446,39
13/04/2016	12,00	2.368,52	28.422,24	IPCA + 6,30%	IPCA + 8,03% 26,60	35.983,44	771	15,00	1.134,18	0,00	42,16	32,33	34.774,77
14/04/2016	8,80	2.372,15	20.874,92	IPCA + 6,26%	IPCA + 7,97% 26,41	26.387,85	770	15,00	826,94	0,00	30,91	23,71	25.506,29
18/04/2016	4,80	2.384,68	11.446,46	IPCA + 6,12%	IPCA + 7,77% 25,75	14.393,37	766	15,00	442,03	0,00	16,86	12,93	13.921,55
03/05/2016	1,90	2.395,95	4.552,30	IPCA + 6,13%	IPCA + 7,82% 25,15	5.697,37	751	15,00	171,76	0,00	6,67	5,11	5.513,83
31/05/2016	0,80	2.413,72	1.930,97	IPCA + 6,27%	IPCA + 8,10% 24,23	2.398,89	723	15,00	70,18	0,00	2,81	2,15	2.323,75
28/07/2016	1,20	2.451,66	2.941,99	IPCA + 6,41%	IPCA + 8,49% 22,31	3.598,34	665	17,50	114,86	0,00	4,21	3,23	3.476,04
17/08/2016	1,90	2.491,22	4.733,31	IPCA + 6,06%	IPCA + 8,00% 20,37	5.697,37	645	17,50	168,71	0,00	6,67	5,11	5.516,88
19/09/2016	2,80	2.509,83	7.027,52	IPCA + 6,15%	IPCA + 8,25% 19,48	8.396,13	612	17,50	239,50	0,00	9,83	7,54	8.139,26
26/09/2016	2,00	2.518,45	5.036,90	IPCA + 6,07%	IPCA + 8,15% 19,07	5.997,24	605	17,50	168,05	0,00	7,02	5,38	5.816,79

Título: Tesouro IPCA+ 2024
Agente de custódia: AGORA CTVM S/A
Posição em: 24/05/2018
Vencimento do título: 15/08/2024
06/06/2013	1,00	1.346,48	1.346,48	IPCA + 4,89%	IPCA + 4,55%		67,00	2.248,60	1.813	15,00	135,31	0,00	2,68	2,05	2.108,56
10/06/2014	2,00	1.341,07	2.682,14	IPCA + 6,08%	IPCA + 7,56%		67,67	4.497,20	1.444	15,00	272,25	0,00	5,36	4,11	4.215,48
30/03/2016	2,00	1.710,97	3.421,94	IPCA + 6,31%	IPCA + 9,70% 31,42	4.497,20	785	15,00	161,28	0,00	5,36	4,11	4.326,45
06/04/2017	21,00	2.056,42	43.184,82	IPCA + 5,22%	IPCA + 5,46% 9,35	47.220,60	413	17,50	706,26	0,00	56,30	13,34	46.444,70
07/04/2017	9,50	2.060,35	19.573,32	IPCA + 5,20%	IPCA + 5,33% 9,14	21.361,70	412	17,50	312,96	0,00	25,47	5,89	21.017,38
27/06/2017	4,20	2.039,61	8.566,36	IPCA + 5,57%	IPCA + 8,34% 10,25	9.444,12	331	20,00	175,55	0,00	11,26	0,00	9.257,31
11/01/2018	74,00	2.233,26	165.261,24	IPCA + 4,83%	IPCA - 1,05% 0,69	166.396,40	133	22,50	255,41	0,00	178,37	0,00	165.962,62

Título: Tesouro IPCA+ 2035
Agente de custódia: AGORA CTVM S/A
Posição em: 24/05/2018
Vencimento do título: 15/05/2035
05/09/2012	5,00	835,37	4.176,85	IPCA + 4,32%	IPCA + 0,51%		45,80	6.089,80	2.087	15,00	286,94	0,00	7,42	5,69	5.789,75
08/01/2013	5,30	931,73	4.938,16	IPCA + 3,99%	IPCA - 1,03%		30,72	6.455,18	1.962	15,00	227,55	0,00	7,87	6,03	6.213,73
23/01/2013	31,00	959,57	29.746,67	IPCA + 3,88%	IPCA - 1,51%		26,93	37.756,76	1.947	15,00	1.201,51	0,00	46,05	35,31	36.473,89
06/06/2013	2,00	789,18	1.578,36	IPCA + 5,00%	IPCA + 2,89%		54,33	2.435,92	1.813	15,00	128,63	0,00	2,97	2,27	2.302,05
05/04/2014	4,00	605,97	2.423,88	IPCA + 6,78%	IPCA + 11,71%		100,99	4.871,84	1.510	15,00	367,19	0,00	5,94	4,55	4.494,16
04/03/2016	5,00	799,62	3.998,10	IPCA + 6,85%	IPCA + 16,76%	52,32	6.089,80	811	15,00	313,75	0,00	7,42	5,69	5.762,94
10/08/2017	4,00	1.223,50	4.894,00	IPCA + 5,20%	IPCA - 3,83% -0,45	4.871,84	287	20,00	0,00	0,00	5,94	0,00	4.865,90

Título: Tesouro Prefixado 2019
Agente de custódia: AGORA CTVM S/A
Posição em: 24/05/2018
Vencimento do título: 01/01/2019
16/02/2016	2,00	662,67	1.325,34	15,49%	18,05%  45,18	1.924,14	828	15,00	89,82	0,00	2,24	1,72	1.830,36
14/04/2016	10,00	717,70	7.177,00	13,10%	15,10%  34,05	9.620,70	770	15,00	366,55	0,00	11,22	8,61	9.234,32
03/05/2016	4,00	731,13	2.924,52	12,56%	14,43%  31,59	3.848,28	751	15,00	138,56	0,00	4,49	3,44	3.701,79
16/05/2016	2,10	735,93	1.545,45	12,46%	14,33%  30,73	2.020,34	738	15,00	71,23	0,00	2,35	1,80	1.944,96
31/05/2016	2,80	733,31	2.053,26	12,82%	14,85%  31,20	2.693,79	723	15,00	96,07	0,00	3,14	2,41	2.592,17
08/06/2016	2,70	744,47	2.010,06	12,28%	14,15%  29,23	2.597,58	715	17,50	102,81	0,00	3,03	2,32	2.489,42
27/06/2016	3,90	750,26	2.926,01	12,20%	14,10%  28,23	3.752,07	696	17,50	144,56	0,00	4,37	3,35	3.599,79
17/08/2016	2,90	764,17	2.216,09	12,13%	14,16%  25,90	2.790,00	645	17,50	100,43	0,00	3,25	2,49	2.683,83

Título: Tesouro Prefixado 2023
Agente de custódia: AGORA CTVM S/A
Posição em: 24/05/2018
Vencimento do título: 01/01/2023
16/05/2017	13,00	586,01	7.618,13	10,00%	9,85%  9,94	8.375,38	373	17,50	132,51	0,00	9,97	0,31	8.232,59
27/06/2017	6,00	573,32	3.439,92	10,66%	13,95%  12,37	3.865,56	331	20,00	85,12	0,00	4,60	0,00	3.775,84
19/07/2017	17,00	598,72	10.178,24	9,91%	9,24%  7,61	10.952,42	309	20,00	154,83	0,00	13,04	0,00	10.784,55
10/08/2017	8,20	600,27	4.922,21	9,98%	9,67%  7,33	5.282,93	287	20,00	72,14	0,00	6,29	0,00	5.204,50

Título: Tesouro IPCA+ 2024
Agente de custódia: BB BANCO DE INVESTIMENTO S/A
Posição em: 24/05/2018
Vencimento do título: 15/08/2024
19/04/2007	5,20	555,95	2.890,94	IPCA + 6,47%	IPCA + 7,25%		304,46	11.692,72	4.053	15,00	1.320,26	0,00	205,21	336,95	9.830,30
26/11/2011	8,00	1.057,07	8.456,56	IPCA + 5,53%	IPCA + 5,90%		112,72	17.988,80	2.371	15,00	1.429,83	0,00	21,44	35,71	16.501,82
25/12/2011	8,40	1.070,68	8.993,71	IPCA + 5,50%	IPCA + 5,85%		110,02	18.888,24	2.342	15,00	1.484,17	0,00	22,52	37,49	17.344,06
10/01/2012	3,80	1.072,24	4.074,51	IPCA + 5,53%	IPCA + 5,91%		109,71	8.544,68	2.326	15,00	670,52	0,00	10,18	16,96	7.847,02

Título: Tesouro IPCA+ 2035
Agente de custódia: BB BANCO DE INVESTIMENTO S/A
Posição em: 24/05/2018
Vencimento do título: 15/05/2035
01/12/2010	4,20	489,26	2.054,89	IPCA + 5,86%	IPCA + 6,42%		148,94	5.115,43	2.731	15,00	459,08	0,00	6,23	10,38	4.639,74
27/02/2012	3,40	630,68	2.144,31	IPCA + 5,39%	IPCA + 4,77%		93,12	4.141,06	2.278	15,00	299,51	0,00	5,05	8,40	3.828,10
09/03/2012	20,00	645,75	12.915,00	IPCA + 5,30%	IPCA + 4,43%		88,61	24.359,20	2.267	15,00	1.716,63	0,00	29,71	49,46	22.563,40
20/03/2012	14,00	647,54	9.065,56	IPCA + 5,30%	IPCA + 4,42%		88,09	17.051,44	2.256	15,00	1.197,88	0,00	20,79	34,62	15.798,15
01/04/2012	1,60	656,58	1.050,52	IPCA + 5,25%	IPCA + 4,23%		85,50	1.948,73	2.244	15,00	134,73	0,00	2,37	3,95	1.807,68
20/08/2012	4,80	810,25	3.889,20	IPCA + 4,44%	IPCA + 1,01%		50,32	5.846,20	2.103	15,00	293,55	0,00	7,13	11,87	5.533,65
