NTNB_Principal_150535 16/08/2012 789,02
1847195	Liquidada	01/04/2012	NTNB_Principal_150535	1,60	656,58	1,05	5,25	1.056,82
1833057	Liquidada	20/03/2012	NTNB_Principal_150535	14,00	647,54	9,07	45,33	9.119,96
1818627	Liquidada	09/03/2012	NTNB_Principal_150535	20,00	645,75	12,91	64,57	12.992,48
1796146	Liquidada	27/02/2012	NTNB_Principal_150535	3,4	630,68	2,14	10,72	2157,17
1217032	Liquidada	01/12/2010	NTNB_Principal_150535	4,2	489,26	2,05	10,27	2067,21
--
NTNB_Principal_150824 16/08/2012 1.311,94
1729967	Liquidada	10/01/2012	NTNB_Principal_150824	3,8	1072,24	4,07	20,37	4098,95
1697649	Liquidada	25/12/2011	NTNB_Principal_150824	8,4	1070,68	8,99	44,97	9047,67
1657730	Liquidada	26/11/2011	NTNB_Principal_150824	8	1057,07	8,46	42,28	8507,3
500534	Liquidada	19/04/2007	NTNB_Principal_150824	25,2	555,95	56,04	70,05	14136,03
--
NTNB_Principal_150515 16/08/2012 1.989,28
1561304	Liquidada	07/09/2011	NTNB_Principal_150515	1,8	1724,95	3,1	15,52	3123,53
1531318	Liquidada	16/08/2011	NTNB_Principal_150515	0,8	1640,04	1,31	6,56	1319,9
1496346	Liquidada	21/07/2011	NTNB_Principal_150515	0,4	1607,56	0,64	3,22	646,88
1451440	Liquidada	21/06/2011	NTNB_Principal_150515	1,8	1572,94	2,83	14,16	2848,28
1395104	Liquidada	09/05/2011	NTNB_Principal_150515	1,8	1572,94	2,83	14,16	2848,28
1366121	Liquidada	13/04/2011	NTNB_Principal_150515	1	1565,67	1,57	7,83	1575,07
1345802	Liquidada	27/03/2011	NTNB_Principal_150515	16,8	1552,78	26,09	130,43	26243,22
1322686	Liquidada	04/03/2011	NTNB_Principal_150515	1,4	1537	2,15	10,76	2164,71
1261970	Liquidada	11/01/2011	NTNB_Principal_150515	4	1524,59	6,1	30,49	6134,95
1221988	Liquidada	07/12/2010	NTNB_Principal_150515	2	1497,79	3	14,98	3013,56
--
NTNB_150824 16/08/2012 2525,62
976562	Liquidada	10/01/2010	NTNB_150824	8	1860,46	14,88	74,42	14972,98
--
NTNF_010114 16/08/2012 1037,49
879616	Liquidada	06/07/2009	NTNF_010114	3,4	931,15	3,17	15,83	3184,91
--
LFT_070314 16/08/2012 5310,79
777042	Liquidada	07/01/2009	LFT_070314	0,8	3734,31	11,95	14,94	3014,33
--
NTNB_150545 16/08/2012 2716,12
500534	Liquidada	19/04/2007	NTNB_150545	6,6	1606,45	42,41	53,01	10697,99
--

