NTNB_Principal_150535 06/04/2018 1.247,35
1217032	Liquidada	01/12/2010	NTNB_Principal_150535	4,2	489,26	2,05	10,27	2067,21
1796146	Liquidada	27/02/2012	NTNB_Principal_150535	3,4	630,68	2,14	10,72	2157,17
1818627	Liquidada	09/03/2012	NTNB_Principal_150535	20,00	645,75	12,91	64,57	12.992,48
1833057	Liquidada	20/03/2012	NTNB_Principal_150535	14,00	647,54	9,07	45,33	9.119,96
1847195	Liquidada	01/04/2012	NTNB_Principal_150535	1,60	656,58	1,05	5,25	1.056,82
1847195	Liquidada	20/08/2012	NTNB_Principal_150535	4,80	810,25	1,05	5,25	1.056,82
--
NTNB_Principal_150824 06/04/2018 2.296,89
500534	Liquidada	19/04/2007	NTNB_Principal_150824	5,2	555,95	56,04	70,05	14136,03
1657730	Liquidada	26/11/2011	NTNB_Principal_150824	8	1057,07	8,46	42,28	8507,3
1697649	Liquidada	25/12/2011	NTNB_Principal_150824	8,4	1070,68	8,99	44,97	9047,67
1729967	Liquidada	10/01/2012	NTNB_Principal_150824	3,8	1072,24	4,07	20,37	4098,95
--
